16357751
14967461
23468099
23293962
7678677
16554356
16789740
7526860
17199504
16437532
11716850
23487168
23019138
12065695
23214423
16840830
15736931
23414802
23578689
15908512
14507899
12904467
23210783
10606746
16851960
23643542
23063069
11511858
23207409
16434489
23411259
12110374
23551063
23474889
14501155
23307557
14984733
15126366
23629516
23188819
23418674
23347684
10583449
9003761
17059881
14757703
11287128
15673388
23386780
15070163
11299519
17333137
15963006
16441928
14523001
16597615
22902307
23644411
10988273
12606421
2568212
23597450
23274894
23362262
22537794
23411172
23454835
10796631
1435788
19888514
15635044
10403635
23238784
23328072
23466229
17378584
23253172
11330337
16494569
23273219
20230007
17015640
15177307
23395981
23632905
1705137
23453071
10328230
17079868
17081103
22717743
23152189
19427182
16343532
8302852
23357567
9015795
17360707
13129570
15650315
15955565
15963471
15805193
23517912
10047461
23481236
17035524
17661345
23422569
23500776
23322769
17020418
23511897
17035141
23489628
23383871
23249751
23578390
19780818
23580394
23200255
23344974
11031122
10381000
23411246
23535394
23178380
23290487
2571203
9732824
23530595
23589476
23534412
11972287
23375813
23434931
22931530
23600432
23258671
23531488
23060524
14530799
23564921
16480505
19836445
23354070
23580446
23495691
22634361
22921426
17979301
23411208
23383423
23583806
18058577
17567713
23288052
15974585
23221006
23358258
15224175
11692072
23318471
12560076
17148442
3058238
23524316
12668276
17161452
21631396
15932636
12213829
15953344
23087261
22445601
6227474
16809928
23373869
23360412
3345199
11278845
23297831
14613270
23500772
15078100
23531031
23165754
23474645
23393220
23256472
14505791
23414235
15561973
15866288
20427668
3299141
25136065
23177256
17603755
23270965
9633680
16636450
23199882
23194532
11732752
23522835
23231502
16484281
23274887
23221868
23298258
12699699
23435367
10752671
22874922
23542126
23439561
23318726
7986344
23592839
23264615
7944828
23229512
23142538
20624440
19337422
11156594
23277230
6872937
23423570
23313794
23542578
12003347
1375507
11071707
15526004
23360475
23179966
12955294
23085085
15132128
8667211
23360232
17651117
12047490
12826271
23563205
23305850
19683471
10446934
12123767
23219339
23454300
23146691
20618322
19228178
15843826
9231746
23481176
23260346
14725487
23402364
11319232
11585753
23537582
19068776
12373423
12183670
23085435
23600800
20104269
12213053
16547651
23579178
23423713
8600944
23519392
23419036
22718571
10443304
23261645
15732037
17588737
17499824
17308037
23193186
19389876
23606523
23414340
10480573
19708854
16757355
17062721
23619386
16293341
14507109
23019274
17597612
12957216
23616352
23291559
23294255
17016711
23623751
22749842
10340919
3124610
23377618
23454149
23122096
16365052
23571107
10690753
23532634
10999950
10847421
23456735
22532499
23313557
23542147
23601753
23621521
7959748
23085095
23230273
10947967
23530018
23290724
23153456
12244038
17692748
15465035
11430635
12871155
23594301
23643730
23537942
23276627
23380568
6146346
19370562
12881227
23418368
17561836
23207322
23608109
23249624
23330542
11160515
23403203
10406837
23262271
17216302
10670413
11936838
23422872
23238783
8819507
23199998
17192395
10826417
23100158
12517247
17040106
23485065
7837275
11103886
11264758
23122081
23587649
16291873
23334864
9509999
23314331
17390078
9722550
23339678
22776694
23500382
23337607
23071106
22972179
17919259
1977506
23567961
23639738
23410126
17479245
23552101
23453039
19428322
15082029
16199241
17391279
23386702
23274771
23523949
23601399
23415228
11730729
23247009
23459167
23530006
9480923
16730121
23514378
23410005
23265893
23584857
23567959
23266719
23509039
16978033
15686475
17488480
17618628
23624810
23631499
23578607
23115325
17497253
6374639
23104244
14600253
16674097
23625750
23350847
23354393
18559268
23182954
18465538
15110853
12067524
23421930
23541436
11969359
23538162
23232123
1386491
23357976
14680444
22989705
20801130
17327465
23563356
23614367
23401474
16546990
10530931
23266505
2855105
8103526
23116643
9399012
23411272
17210712
23259841
10225363
23349485
16516814
21272013
23410798
10200320
3828735
12093311
8799556
8925876
16497876
9928259
2530096
22532505
12742526
22705396
14508322
23315277
23550066
23572528
11792932
23043184
23643748
15336276
23174754
23551329
16477002
17205056
23041257
12927775
16774921
20531964
23361587
7948825
23535327
1680855
23532918
11034389
17434872
15358979
19429089
23411171
17408310
10864881
23567953
22982445
20566645
23033256
12387707
18381445
17049513
10493852
23316965
23339625
20226815
17275903
17429625
17324336
7582530
23276150
23123646
10693877
23611293
23123250
23564313
10373451
12907443
23583257
21475861
23344961
2833901
23541637
10727715
23353748
23636303
17658513
15494035
22836881
21262851
23542513
23582273
23131798
17397529
12727196
12650833
20185318
15689518
23578688
23473030
12956944
23397055
11351021
23605695
23017388
15777622
2877081
23172777
23585058
23578644
23332447
23305949
18162179
19549602
14737100
17409426
15795320
12850267
23628791
22983867
12614192
17545671
23291630
23618901
23348500
11961111
10462128
12724156
22899102
23265491
16846546
18715952
8646863
23259985
18282775
23578584
16702329
17111172
12373557
23429912
23446230
23536521
23293129
23528251
12671891
16962597
23147414
23378624
23023136
22968082
23393216
8636122
7885191
15120421
10891536
1332478
23292797
23116965
16920841
23548896
23391442
23418087
23000445
23125284
6687626
23419638
7680751
23489521
17284757
10398211
7824160
23376140
16864089
23411217
23123771
14642426
17352516
23643883
10095983
23435915
23333261
23471540
20091113
23163726
23384446
17570561
22580612
23262035
17884974
17159811
23022324
2855368
18068977
23261590
22370641
23583884
18093407
10401556
7768269
11401111
23146690
23122079
15898717
22935616
23642478
23063590
7711211
23552851
23550028
20541672
16281286
10444166
23466232
22865292
23539296
17549299
23505146
23631374
23609606
14529460
17034761
9094999
23584948
23521080
16835395
10207608
23127916
23238657
23477570
16972995
22878908
15199474
15155769
2226440
23640283
23256725
12188035
1322791
11089538
15921304
23327877
23192350
23017392
8242725
16633143
22820907
17616291
23560442
23473681
14767264
23391485
23473804
22991330
15121646
12566304
23590386
20573261
23561109
17197042
23291323
23265892
12388748
23580316
12398910
23250811
16916952
12761285
15931605
17418819
23435358
23609782
23288049
3440035
23495205
23438471
23127600
8263811
23238103
2886642
23216335
17475673
11511086
1352051
23301860
17959709
23478800
9890894
15452358
16884688
12504917
16399380
23395171
17254025
11906441
10694244
15951260
15944809
17253779
17510308
20517484
10626836
11009561
23543413
25225185
23580257
22859660
23159529
10950934
23465612
23334176
16303771
23628509
10933803
9607108
23260350
12112047
16206183
17652426
19203467
1705633
11861820
23458730
23206862
1975995
23406315
16973691
23315644
23313730
14711372
23500545
23473032
23301897
23567950
16876126
8836655
23615073
23376161
20596674
14719072
23554049
21838705
1361547
10682471
10954021
23435160
17085856
15102890
23444334
22872607
23333901
23090712
15285788
23374869
23139413
20372850
20347047
23357629
23627806
23640331
23552263
23314320
23493374
14676196
23371032
16554743
16278927
9669506
17334708
16305240
23194825
23620436
22301814
15357957
23337256
23574017
16534240
23325562
23046524
23344956
9040115
16690332
2568748
23000249
7929150
17929831
8052854
16417577
17896959
17593236
23409864
23160090
23601990
16855178
15066664
11034583
16455797
23570914
23298863
10626810
20421509
23201124
12662154
7912539
23085979
23142507
23612710
14638499
14871882
17075268
23223345
16534527
23381968
23506002
23609963
11972613
22890749
15598972
12431845
23298698
23220589
15562257
23154865
15714982
18708991
15133083
23497227
17600786
23397052
10702256
22981796
23327993
10617684
23118019
23522834
23583903
23612487
18847313
23164618
23183186
17018843
17067304
23397359
23249626
23333577
23434647
23265543
23534442
12184062
22815248
15114505
17494951
23330847
17000933
23007555
23557706
23641685
16432501
19275550
23402841
23531536
23287538
23160530
10411647
12167567
23444429
7958159
23401139
23381951
22619007
23246732
18633030
22659088
17553661
12582227
7832763
16395286
12668769
19244097
14656380
14587496
23409763
23262028
22288603
11166732
11562773
10522750
17135600
23419783
23375228
23265474
7906055
23537574
23439661
17325243
23632081
22349823
23335025
12196163
23641914
23219161
23558747
15547682
23291240
23074021
23451797
23416143
23349501
23164673
23152186
9079657
23479389
23541928
23494186
10839989
21712771
10561751
16801455
16686685
10712236
23620660
23313633
14692707
9666414
12513997
23145773
16651698
22484424
10434156
23358194
20012638
8894610
23313376
23435910
17624589
17588300
23590882
23159790
15982930
23614730
23455314
23556446
23256442
17325667
9466983
23239825
19568704
23535516
12392782
23639362
16291771
23386390
23194826
19482847
16766717
23300287
23201337
17034586
18686730
23247008
23368901
23633521
2083404
11986668
23380082
7974294
23578952
23643933
23347038
10730683
23637347
1663395
23569204
23506741
17611273
