10064839
10082498
10193663
10193665
10226872
10362188
10373224
10381787
10432475
10439935
10460702
10531013
10546982
10575283
10579749
10637238
10683249
10688973
10697523
10698696
10742288
10796070
10800083
10839333
10866053
10887187
10917903
10931813
10933891
10939639
10942908
11056242
11146120
11157886
11243491
11246504
11252887
11304699
11309392
11318430
11392054
11393267
11481271
11742712
11752472
11772142
11799102
11808879
11893059
11970990
12046682
12063741
12080538
12082550
12137927
12170059
12180353
12181427
12217700
12383039
12409268
12445705
12545144
12588370
12623106
12657913
12679340
12692940
12699389
12783542
1280065
12818701
12824918
12827214
12837768
1284246
12844134
12901032
12927226
1318989
1322429
1326878
1329582
1351412
1359745
14506245
14564902
14583450
14588118
14602594
14619588
14659797
14722255
14757145
14757700
15049511
15058382
15075397
15109613
15180525
15192023
15198222
1526623
15291969
15292070
15299009
15325927
15367040
1543672
15446566
15474503
15557593
15563928
15612980
15629255
15646028
15665864
15671155
15694653
15700891
15737409
15787205
15811959
15837926
15840827
15854045
15937104
15992586
1600046
16018973
1612232
16232421
16262557
16268464
16292755
16298345
16316409
16322797
16325050
16344985
16359899
16371234
16425993
16449956
16488503
16596248
16597468
16597625
16642960
1665782
1666997
16675639
16719540
16741658
16741870
16763553
16769115
16775509
16782282
16782438
16784786
16819260
16828882
16829128
16854582
16855093
1687367
16874462
16893531
16917142
16926278
16938288
16957773
16971132
16973729
16985933
16988497
17013809
17023173
17053736
17065601
17090056
17098734
17100196
17110146
17125913
17202804
17218486
17221210
17228881
17229090
17234158
17256745
17290783
17303537
1730582
17311416
17315258
17319904
17320868
17324065
17327402
17333241
17334413
17344208
17347380
17352685
17354225
17367165
17379925
17380207
17403555
17409318
17413769
17468175
17475961
17496727
17498496
17512091
17550897
17554001
17578749
17581967
17590520
17594192
17603545
17603555
17604186
17617661
17627474
17632548
17704420
17768678
17869551
17916059
17980251
18045203
18450949
18466433
18480678
18593822
18593927
18604229
18620538
18655903
1868500
18803986
1881457
18973551
18974361
19002123
19023039
19057128
19119014
19281809
19293728
19399743
19472276
19496999
19651196
19837759
19852528
19888521
20053189
20151846
20496522
21207059
2125244
21606412
22258629
22287617
22370636
22447684
22469981
22578098
22614014
22677475
2268554
22709946
22722028
22749926
22798247
22889582
22893351
22923473
22943130
22956632
22966070
22982218
22989703
23000451
23000507
23002036
23008503
23019137
23042952
23042953
23042954
23044709
23047022
23047828
23047912
23050902
23052195
23066089
23073075
23075005
23085436
23091188
23099431
23102509
23103563
23117151
23122072
23123257
23123298
23123662
23128353
23131177
23142699
23143891
23159329
23159479
23161868
23164615
23178182
23181488
23182766
23187687
23192339
23194076
23194511
23194548
23198819
23200732
23201003
23202250
23205763
23208787
23210662
23212306
23215039
23218950
23220614
23220618
23220644
23220749
23221600
23223177
23228696
23228697
23229509
23229510
23231492
23233034
23234313
23240892
23246481
23253441
23254198
23257735
23261524
23261589
23261591
23261676
23261757
23265459
23265505
23265539
23265905
23266270
23266271
23267011
23267840
23274086
23281812
23282066
23292249
23294326
23295740
23296100
23297412
23298577
23299080
23305921
23307549
23312278
23318731
23318833
23319419
23319591
23321689
23322164
23324400
23327668
23327794
23331067
23332762
23334403
23339682
23341458
23348754
23349488
23349489
23353901
23361846
23363083
23364612
23368996
23373701
23373704
23376217
23376249
23376356
23376546
23380477
23382379
23382381
23384387
23384447
23385325
23386248
23386417
23389043
23391443
23395804
23397032
23400747
23402270
23402856
23403092
23403272
23403537
23404093
23406025
23409765
23411235
23411251
23411279
23411280
23414838
23416002
23416065
23423942
23423972
23424204
23424207
23425605
23428155
23430109
23432582
23434223
23434640
23434829
23436791
23443628
23452205
23454148
23454527
23455312
23455597
23456038
23461378
23461841
23466460
23466488
23466526
23470280
23470776
23473037
23473679
23473801
23474014
23474386
23477419
23478260
23485402
23493372
23493568
23494106
23494802
23494944
23495999
23497878
23499825
23500058
23500387
23500491
23500550
23504356
23510370
23511016
23511125
23511711
23512501
23512537
23512754
23517558
23517733
23519149
23521495
23523780
23523781
23524567
23525167
23526814
23528299
23530959
23535337
23536314
23537661
23537702
23538201
23541399
23541670
23542114
23545458
23546605
23547843
23556445
23558678
23561166
23562060
23562076
23567041
23567243
23570998
23572520
23578993
23583258
23585333
23585555
23588308
23588312
23589329
23591044
23597507
23598363
23598904
23601700
23601710
23602986
23603059
23603382
23604720
23604819
23606243
23608239
23608535
23611809
23611835
23614643
23615471
23618921
23621358
23623750
23625813
23625910
23625915
23628454
23628605
23631440
23633618
23638842
23639191
23639249
23639586
23639626
23644200
2386945
2506486
2554783
2751392
2832297
2857786
2891463
2994716
3004987
3094574
3146348
3812589
6725552
7500004
7516184
7554708
7601910
7703721
7714410
7756657
7825862
7902561
8032658
8150771
8294418
8384716
8425287
8566141
8697470
8710929
8733007
8740147
8836617
9486667
9521275
9525919
9596079
9631585
9673855
9710435
9832994
9851542
9876137
