10027919
10074612
10087562
10091616
10091617
1009330
10193204
10193809
10219427
10225068
10327032
10328196
10342929
10354657
10365197
10390729
10401555
10406016
10411803
10414674
10427794
10457883
10462057
10510854
10520387
10523326
10524660
10526274
10533019
10539815
10565806
10579464
10669626
10672628
10677406
10683478
10692744
10704919
10706004
10713017
10721819
10726030
10728962
10737864
10739826
10743446
10743694
10764869
10770468
10791295
1079693
10807237
10835440
10840460
1085609
10901305
10910842
10933650
10939760
10960401
10975596
10985896
10986547
11007689
11009181
11022397
11026989
11027904
11027905
11058428
11063349
11077455
11078231
11079278
11099450
11105626
11135224
11135381
11147747
11166519
1117341
11176729
11185967
11195262
11198499
11206082
11208990
11226639
11229942
11230490
11243580
11245434
11250767
11256525
11263551
11271907
11279304
11282081
11284996
11299446
11302406
1130930
11334364
11337188
11366874
11379838
11380496
11385188
11391224
11395263
11401944
1141447
11419773
11423811
11425091
11426838
11431197
11439380
11467664
11474137
1147734
11524350
11532387
11569530
11573852
1158089
11581460
11583940
11587867
11642480
11672959
11679859
11694026
11704023
11705128
11706060
11708428
11745184
11745287
11752354
11752998
11773892
11799346
11807648
11827497
11835460
11838826
11847945
11858397
11860278
11860495
11861791
11868798
11875660
11890511
11897407
11900788
11912119
11915580
11928786
11936424
11961407
11988250
11999899
12013711
12041669
12042105
12051122
12059909
12063090
12084448
12090760
12091028
12093990
12101159
12109865
12119460
12139551
12165618
12180796
12198388
12202650
12231232
12359538
12369736
12372954
12443032
12448656
12452237
12452552
12464714
12481039
12483326
12487093
12498738
12523465
12523489
12535818
12536034
12549952
1255900
12559315
12571256
12574103
12584269
12589964
12596116
12600698
12615818
12617329
12627929
12639165
12644816
12653683
12677626
12678199
12684739
12691807
12695819
12699527
12707296
12716030
12734532
12739036
12745515
12752472
12757899
12760988
12789195
1280054
1280707
12820454
12828076
12842176
12851669
12852481
1286498
12865514
1289188
12905102
12907309
12907924
12911170
12912689
12921865
12948256
12950111
1300436
133615
1355091
1359137
1360900
1361574
137340
1378968
1395192
1415380
1420650
1420741
1423336
1423339
1424076
1428568
1436384
1445986
1449452
14513889
1451544
14568327
14596845
14616590
14633084
146391
14648024
14657095
14659530
1468485
14698717
14704468
14736955
14742097
14745746
14748761
14765563
14975762
14976857
14982270
15009014
15018178
15036754
15042318
1504402
15075188
150790
15094729
15096016
15096374
15120741
15130900
15145918
15188772
1522360
15229250
15233872
15265979
15266215
15266362
1527456
15275829
15276093
15276120
15278670
15282950
15321332
15325671
15338796
1535072
15366550
1545575
15458908
15482540
1549199
15515654
15517007
15531665
1556529
15565293
15572383
15579441
15580403
15602202
15605432
15609701
15614572
15625689
15627798
15630069
15632880
1563460
15638391
1564030
1564236
15649445
15673851
15686794
15696449
15737522
15764424
15804801
15811908
15814210
15815446
15817013
15858223
15859361
15859940
15863244
15867025
15882284
15893386
15897593
15899738
1592014
15930398
15953230
15957009
1595783
15974569
15985056
15987266
15991002
16005948
16006300
1601297
16034922
16047871
16083708
16092435
1610717
16112787
16116131
16132524
16157917
1615846
16160878
1616457
16167916
16174948
16181582
16192988
16225977
16274958
1628552
16298782
16309808
16323982
16330293
16330766
16337777
1636026
16364460
16369751
1639466
16403073
16418614
16428221
16428827
16471092
1655018
16563323
16565833
16574712
16574713
16584858
16586083
16596970
16600756
16629641
16634859
1664218
16680561
16710500
16720068
16723784
16725121
16731636
16740173
16755009
16787750
16801510
16810074
16820346
16826348
16844102
16858720
16867021
16867246
1687392
16876986
16880771
16904497
16906379
16911931
16920333
16938416
16960342
1700207
17019386
17020434
17028363
17035713
17042797
17042884
17042910
17049862
17069550
17074608
17111419
1711760
17147461
17151160
17159032
17175308
17194457
1720453
17223814
17241657
17241784
17242861
17244258
17255138
17261653
17263743
17285209
1728522
1728915
17297207
1732369
1732442
17343925
17344330
17344566
17346443
17351238
1735570
17356399
17366349
17379047
17384765
17400887
17437408
17439425
17445520
17466854
17484470
17490790
17490864
17491223
1749407
17496739
17511042
17532790
17543491
17554526
17562951
1756784
17572393
17574447
17600377
17608141
1760851
17612891
17615423
17639754
17682013
17702969
17721298
17786501
1779253
17828434
17854040
1786266
17879100
17879217
17879945
17919553
17923537
17931375
17943461
17954033
17965424
17975693
18004067
18006530
18020536
18023325
18025637
18081909
18083142
18086064
18161408
18162529
18165598
18177388
18182964
18186898
18189308
18201582
18208574
18217897
18221780
18239197
18261172
18308784
18329269
1833784
18340638
18341442
18343374
1835291
18356633
18363626
1837756
18399341
18405372
18410508
18417364
18422462
18439803
18441470
18442015
18450790
18464113
18483878
1848636
18503483
18513945
18541230
18544179
18560792
18589141
1858969
18619688
18627295
18631865
18657397
1867351
18674790
18703024
18726058
18752389
18754075
18768591
18791946
18801087
18808529
18809400
18821488
188339
18945509
18951540
18987260
1899352
18996674
18997632
19020118
19037603
1905439
19058010
19058474
19105845
19108278
19135948
19139001
19139825
19154241
19178808
19184102
1919871
19203554
19211690
19234905
19263707
19269743
19274460
1928887
19289093
19293073
19299179
19300240
19300402
19308880
19319147
19338378
19346865
19356053
19356307
19370593
19387625
19392810
19419794
1943082
19445921
19447152
19473225
19515070
19531695
19549709
19553912
19581773
19631624
19642243
19655282
19657887
19674115
1967484
19681452
19692487
1969772
19707748
19715529
19719056
19721134
19728177
19729346
19759529
19761039
19767176
19803309
19815465
19820426
19841052
19843802
1987816
19884587
19889778
19893084
19914299
19917396
19920070
19923525
1992636
19940105
19944333
19944736
19957053
19967075
19996135
20003049
20009434
20024739
20034406
2004
2004015
20042557
20046642
20067456
20080419
20080983
20084309
2008831
20098969
20103708
20129423
20164825
20169779
20192893
20195852
20196116
2021202
2021990
2024540
20304337
20331935
20394767
20408947
20431083
20447294
20466178
20470218
20477932
20495512
20510337
20513036
2051906
20520283
20528871
20533999
2054792
20552622
2055425
20558148
20566328
20588063
20589632
20595935
20619828
20621845
20633755
20635749
20667451
20682692
20683499
20698227
2070391
20705401
2071257
20722491
20727411
20735774
20828385
2083961
20859899
20880751
20882060
20927253
20959502
2096243
20973483
21029050
21195121
21294084
2131034
21418164
2173761
220563
2217015
2220369
2224762
2234245
2239937
2257294
2265898
2266990
2273650
227508
22836123
230316
2304736
2312209
2320485
2320800
2322844
2334179
2334618
2339463
23433219
2343592
234669
2348231
23535177
2355241
2358093
23666265
2375138
2383364
23846525
2385256
23864035
23871786
23872883
23892921
23949582
23952588
2396046
2400986
24040781
24055495
24067251
24068571
24072398
24088636
24091473
24100055
24100257
24114426
24126708
24132704
24158386
24190587
24209900
24220752
2422478
24234943
2425813
24275640
24283660
24284476
2429800
24309294
24333387
24341598
24345882
2435991
2440413
24434397
24438483
24451297
2445283
24459006
24464946
24535067
2453942
24554916
24571687
24582773
24587916
24588023
24595967
24614773
24618873
24641119
24653743
24658375
24659727
24664478
24665854
2466960
24671324
24675088
24684312
24691439
24709919
24717468
24727461
24729111
24733133
24739405
24742750
24753331
2476560
24778426
24802403
24812279
24816962
2484011
24840785
24842192
2484903
24881749
24894748
24897009
24902786
24911645
24923469
24927617
24928523
24971338
24975837
24999722
25006369
25006961
25031906
25041770
25054547
2505783
25071004
25080425
25084821
25096313
25119790
2515254
2522601
2528969
2533791
2549018
2553470
2557556
2559236
256433
2564649
2569282
2572625
2576810
2578334
25907210
2594614
25951420
2598570
25986755
26002693
26033014
26094
2611118
26115410
2614930
2625524
2632720
2650911
2670794
2673163
2696505
2709684
2710809
2716967
2718706
2722224
2750819
2765447
2767010
2782734
2790457
2802551
2818777
2819587
2826064
2840807
2870085
2884595
2886572
2887062
2893236
2894433
2894766
28952
2904523
2907577
2907585
2917114
2924746
2931989
2933998
2950248
2951327
2974281
2980315
2983630
3001299
3015327
3015567
3031535
3057041
3070035
3074291
3076126
3083835
3084231
3084782
3088349
3088653
3101906
3107448
3108839
3109094
3115150
3120485
3123611
3125768
3125850
3131282
3137399
3155884
3173179
3173180
3183120
3187073
3191389
3192036
3220106
322550
326460
3289726
3297909
3300918
3311455
3323259
3323599
3339945
3341566
3358181
3371379
3375885
3383127
33969
3403780
3409645
3409843
3411101
3412544
3413271
3423103
3425586
3431591
343678
3437726
3439580
3461217
3475563
347884
3496378
3503576
3533179
3535719
3538855
354896
3560095
3560096
3564823
35781
3615541
3629586
3653576
3670965
3676049
3685052
3686155
3693336
3703509
3708328
3708922
3711722
3714122
3719553
3732088
3746148
3750012
3762968
3769769
3780697
3780814
3780846
3782049
3798047
3800626
3812624
3827439
3828020
3831029
3832950
3833372
384871
3856631
3864191
3865016
3895875
3925479
3934126
3950060
3952818
3961813
3962737
3969369
3970039
3973521
3975902
3985451
3987172
3990093
3997294
4008111
4010471
4027862
4038130
4069770
4071154
4082192
4082466
4090988
424937
430165
435349
439781
44072
448423
458486
4631913
4812392
48362
48835
567256
573555
591536
603022
6103707
6106951
6111982
6115999
611664
6118280
612112
6127992
6133211
6150641
6153967
6203452
6203632
6209318
6216862
6229975
625456
6286738
6287825
6292680
6293644
6299641
6305660
6308277
6308526
6310832
6316193
6321816
6323692
6381653
6386793
6387529
6402369
6415512
6433367
6436733
6453500
6454943
6466532
6496797
6503301
6504332
6517710
6518066
6529939
6534871
6538499
6540303
6585590
6615052
6615679
6627074
6631522
663266
6634932
6637851
6640832
6666578
6673474
6674249
6687006
6692345
6695415
6695685
6699841
6727060
6728084
6728873
6732043
6747681
6769133
6773726
6794356
6806735
6817363
6861444
6884395
6888657
689020
6892185
6893265
6942642
6985297
6985498
7007443
7018927
7053303
7053705
7059267
7066357
7072798
7083920
7088431
7102237
7121659
7147232
7161250
7173007
7176945
7189975
7197363
7199841
7234705
7248170
7248895
7263204
7265370
7269015
7282516
7292072
7315949
733189
7337133
7352670
7369302
7378868
7411769
7416947
7420681
7421734
7423039
7437994
7444978
7449470
7453952
7457821
7468724
7477981
7479194
7492040
7504976
7516729
753803
7542793
7565311
7582165
7596955
7604176
761833
7619765
7628595
7644931
7647582
7650771
7651879
7661171
7671401
7707116
7710775
7724492
7727612
7739955
7752389
7785794
7791169
7802851
7803371
783197
7834920
7843916
7858459
7862923
7880714
7881871
7890216
7905523
7910951
7919560
7930386
7931490
7949506
7967231
7977601
7988234
8012887
803783
804391
8045270
8073369
8092427
8096565
809711
8106150
8111719
8135424
8160791
816141
8170551
8184922
8188982
8231633
8251368
8267029
8268147
8278214
8302922
8305357
8308951
8312343
8312983
8318674
8319760
8372922
8384253
8386779
8387218
8392553
839274
8410052
8410199
84204
8421099
8423889
8424298
8437969
8441146
8473723
8475949
8480959
8492347
8494478
851038
8511251
8514073
8546130
85485
8558192
8586822
8590259
8595686
8599504
8600333
8603459
8607407
8617710
8638206
8638876
8643966
8643971
8643973
8649546
8659767
8665051
8667442
8669433
8677458
8682684
8686832
8690168
869641
8701013
8701950
871943
873132
8739323
8741744
8742498
8748050
8752018
8755612
8766220
8800187
8808730
8819482
8825380
8829025
8829135
88336
8841157
8854309
8864707
8888541
891050
8911359
891494
8919272
89511
8953972
895432
8955532
8957205
8958188
8985298
8988571
8996419
8996652
9022662
9034419
9041081
9061311
9061777
9067481
9071336
9088814
9098464
9100294
9105126
9121607
9125676
9128918
9132810
9154656
9158667
9165568
9195768
9197951
9199746
920167
9201797
9205462
9209318
921394
9214597
9226773
9228650
9245658
9249847
9270571
9272404
9284778
9293063
9305828
931801
9321531
9323412
9326871
9334596
9351491
9382023
9390208
9401499
9406968
9428298
9431903
946593
9495837
950631
9514561
9522143
9522152
9523805
9523850
9538487
9545159
9549528
9564988
9570197
9578276
9579567
9587734
9625142
9630698
9636837
9646784
9653867
9660111
9669632
9672273
9672936
9698967
9721172
9725303
9727773
9746003
9754849
9758264
9759693
9766615
9782254
978847
9799166
9812111
982002
9831002
983936
9848575
9855119
9862868
9867728
9869257
9869655
9875685
9881641
9889429
9915601
9931093
9952311
