227508
354896
435349
603022
1378968
1420741
1601297
1967484
2234245
2385256
2505783
2515254
2572625
2632720
2670794
2696505
2924746
2951327
3192036
3409645
3412544
3425586
3437726
3693336
3780846
3800626
3827439
3997294
4071154
6103707
6229975
6286738
6287825
6386793
6387529
6692345
6773726
6888657
7265370
7423039
7444978
7834920
7881871
7930386
7988234
8073369
8302922
8410052
8423889
8682684
9625142
9766615
10193204
10526274
10669626
11379838
11419773
11581460
11706060
11752354
12369736
12639165
12653683
14659530
15804801
16160878
16274958
16330766
16574712
17111419
17175308
17244258
18020536
18023325
18208574
18343374
18417364
18442015
18619688
19308880
19631624
20003049
20196116
20470218
20722491
20882060
26094
322550
869641
1749407
1786266
1835291
1919871
1987816
2054792
2304736
2312209
2549018
2611118
2673163
3107448
3341566
3564823
3676049
3719553
4008111
6133211
6503301
6727060
7083920
7269015
7352670
7504976
7628595
7858459
7862923
7919560
8092427
8638206
8669433
8690168
8739323
8752018
9390208
9406968
9587734
9698967
9855119
9869257
10342929
10457883
10739826
10791295
11147747
11198499
11391224
11426838
11569530
11587867
11679859
12041669
12198388
12574103
12615818
12789195
12820454
14657095
14765563
15036754
15145918
15233872
15458908
15737522
16005948
16167916
16403073
16755009
16904497
16938416
17147461
17241784
17261653
17343925
17400887
17612891
18081909
18083142
18182964
18217897
18996674
19058010
19581773
19759529
19957053
20619828
891050
983936
1428568
1720453
1833784
1867351
2070391
2266990
2348231
2355241
2445283
2950248
3015567
3031535
3125768
3187073
3371379
3503576
3560095
3714122
3828020
4812392
6518066
6534871
6538499
6747681
6861444
7053303
7088431
7248170
7453952
7802851
8319760
8386779
8421099
8649546
8919272
9199746
9249847
9284778
9522143
9522152
9672936
9721172
9727773
9754849
10365197
10704919
10706004
10721819
10737864
10743446
11007689
11256525
11334364
11642480
12063090
12084448
12684739
12716030
12757899
12905102
14513889
15009014
15120741
15275829
15602202
16181582
16298782
16428221
16858720
17466854
17562951
17600377
17639754
17854040
18221780
18261172
18329269
18410508
18503483
18560792
18726058
18754075
18768591
19299179
19356053
19729346
20080983
20520283
20588063
19820426
1616457
567256
17439425
9351491
18752389
20098969
9653867
17608141
2559236
21029050
10901305
19037603
20084309
8231633
10091617
19269743
3070035
1147734
12202650
18951540
19657887
9660111
11431197
7449470
8170551
2476560
19803309
18821488
8372922
9195768
15338796
12627929
6634932
18791946
17344566
9293063
1728522
10807237
12536034
7234705
8955532
2578334
11532387
3173179
3856631
2522601
8741744
17491223
18004067
12443032
17615423
8558192
11135224
8590259
2096243
6209318
3615541
8953972
3782049
9100294
19889778
15278670
17042910
11897407
9812111
15572383
7420681
12907309
16680561
17532790
7582165
16787750
3173180
8996652
84204
9862868
15515654
2024540
12090760
7516729
2802551
19346865
2334618
8864707
12589964
11263551
10520387
230316
11807648
14596845
6666578
11279304
19884587
3970039
424937
8643971
2224762
2440413
12483326
1664218
18809400
17020434
3865016
3629586
150790
10579464
3496378
3076126
2894766
1549199
88336
18544179
18186898
16867021
14976857
11745184
3985451
3750012
1130930
19356307
15957009
15899738
15863244
12921865
12584269
10406016
3403780
3101906
9088814
20880751
20080419
19445921
18439803
17919553
15632880
11773892
10835440
9523805
9245658
9034419
8829025
8437969
7890216
7468724
7199841
6640832
3560096
3358181
2887062
2425813
2375138
2265898
2071257
1592014
1436384
1085609
809711
20621845
19843802
19473225
19387625
19211690
18703024
18631865
18162529
17879945
17437408
17242861
16337777
15859940
15188772
15130900
12707296
12695819
12596116
11875660
11166519
8701950
7292072
4027862
2484011
2396046
2008831
1732369
234669
16740173
12464714
6203452
20528871
11672959
11928786
7977601
19300402
15325671
9746003
1992636
8387218
20698227
20477932
9495837
1468485
1009330
347884
20667451
19767176
16330293
14568327
11250767
11206082
11027905
9334596
8595686
6466532
6308277
2870085
1639466
1527456
220563
137340
9931093
20633755
20067456
18464113
18308784
17931375
15649445
14698717
12617329
12523465
11961407
9401499
2273650
10683478
